8.981803497230622657e-01 7.592570171549571645e-02 2.589394856144184437e-02
6.765302569798954391e-01 4.366204415238674613e-02 2.798076988677177801e-01
9.992947983366534670e-01 5.130643487197525431e-04 1.921373146267937957e-04
9.998289360925928237e-01 1.751542573506455653e-05 1.535484816721625109e-04
4.526066283393517242e-01 3.177266662928541208e-01 2.296667053677940995e-01
8.846797002612754035e-01 1.120649486219740809e-01 3.255351116750461807e-03
3.551482876842548819e-01 4.933054664187800920e-01 1.515462458969649429e-01
8.320066208831716770e-01 7.457171708601591535e-04 1.672476619459681846e-01
2.194675502664555911e-01 7.181236628335561922e-02 7.087200834501887758e-01
9.084600953798765977e-01 5.293711923877075093e-02 3.860278538135255427e-02
2.349589975917897497e-05 1.046807320904115341e-05 9.999660360270318238e-01
9.999824504556776850e-01 2.666485344593778349e-07 1.728289578782673657e-05
1.059600869856610310e-07 9.998065405224494384e-01 1.933535174636896855e-04
