-3.100000000000000000e+01 1.880000000000000000e+02 -7.100000000000000000e+01
1.560000000000000000e+02 -1.790000000000000000e+02 4.900000000000000000e+01
1.700000000000000000e+02 -1.480000000000000000e+02 4.100000000000000000e+01
-4.100000000000000000e+01 2.100000000000000000e+01 6.200000000000000000e+01
1.410000000000000000e+02 -1.340000000000000000e+02 -1.200000000000000000e+02
1.220000000000000000e+02 9.700000000000000000e+01 1.430000000000000000e+02
4.100000000000000000e+01 1.480000000000000000e+02 1.900000000000000000e+01
1.690000000000000000e+02 1.880000000000000000e+02 -1.520000000000000000e+02
6.300000000000000000e+01 4.200000000000000000e+01 -1.150000000000000000e+02
-1.510000000000000000e+02 1.320000000000000000e+02 1.110000000000000000e+02
-1.100000000000000000e+01 4.000000000000000000e+00 -5.000000000000000000e+01
-6.500000000000000000e+01 2.200000000000000000e+01 -5.200000000000000000e+01
4.500000000000000000e+01 3.500000000000000000e+01 -8.200000000000000000e+01
