-5.300000000000000000e+01 1.470000000000000000e+02 -1.030000000000000000e+02
1.310000000000000000e+02 -2.130000000000000000e+02 1.800000000000000000e+01
1.480000000000000000e+02 -1.630000000000000000e+02 9.000000000000000000e+00
-1.400000000000000000e+02 1.310000000000000000e+02 3.100000000000000000e+01
1.180000000000000000e+02 -1.670000000000000000e+02 -1.490000000000000000e+02
1.000000000000000000e+02 7.700000000000000000e+01 1.110000000000000000e+02
1.900000000000000000e+01 1.140000000000000000e+02 -1.200000000000000000e+01
1.430000000000000000e+02 1.510000000000000000e+02 -1.840000000000000000e+02
4.100000000000000000e+01 9.000000000000000000e+00 -1.460000000000000000e+02
-1.720000000000000000e+02 1.050000000000000000e+02 7.900000000000000000e+01
-1.250000000000000000e+02 -2.900000000000000000e+01 -8.800000000000000000e+01
2.500000000000000000e+02 -1.470000000000000000e+02 -8.200000000000000000e+01
2.400000000000000000e+01 -3.050000000000000000e+02 2.590000000000000000e+02
