-7.300000000000000000e+01 -1.220000000000000000e+02 1.870000000000000000e+02
-4.800000000000000000e+01 -1.310000000000000000e+02 -1.470000000000000000e+02
1.410000000000000000e+02 -9.500000000000000000e+01 -1.300000000000000000e+01
1.150000000000000000e+02 -3.000000000000000000e+00 1.450000000000000000e+02
-5.000000000000000000e+01 4.100000000000000000e+01 -1.630000000000000000e+02
-4.400000000000000000e+01 -1.180000000000000000e+02 -2.200000000000000000e+01
3.900000000000000000e+01 1.360000000000000000e+02 1.790000000000000000e+02
1.530000000000000000e+02 -1.480000000000000000e+02 -1.750000000000000000e+02
1.550000000000000000e+02 5.300000000000000000e+01 8.400000000000000000e+01
5.500000000000000000e+01 -1.400000000000000000e+01 6.900000000000000000e+01
0.000000000000000000e+00 0.000000000000000000e+00 0.000000000000000000e+00
0.000000000000000000e+00 0.000000000000000000e+00 0.000000000000000000e+00
0.000000000000000000e+00 0.000000000000000000e+00 0.000000000000000000e+00
