1.151110082864761353e-01 1.309881925582885742e+00 1.267816964536905289e-02
3.295087516307830811e-01 7.981206476688385010e-02 1.916401088237762451e-01
1.143066957592964172e-02 4.130859375000000000e-01 1.415065824985504150e-01
1.344245523214340210e-01 8.092267811298370361e-02 5.383203625679016113e-01
4.333038628101348877e-01 3.733011186122894287e-01 4.113874137401580811e-01
4.248640313744544983e-02 1.270356774330139160e-01 8.233487010002136230e-01
1.611000509001314640e-03 9.106187224388122559e-01 7.202652096748352051e-02
1.526703685522079468e-01 4.380764439702033997e-02 6.684283614158630371e-01
2.762241475284099579e-02 5.113870501518249512e-01 1.723234206438064575e-01
4.350838810205459595e-02 9.986625313758850098e-01 5.589097365736961365e-02
1.618996448814868927e-02 1.657617464661598206e-02 1.117272138595581055e+00
2.137200534343719482e-02 1.656647622585296631e-01 1.191210970282554626e-01
1.272047638893127441e+00 1.262562572956085205e-01 6.591595709323883057e-02
