1.029906347393989563e-01 1.377331763505935669e-01 3.895205259323120117e-01
3.570536375045776367e-01 2.855031937360763550e-02 1.919852644205093384e-01
5.958844721317291260e-02 1.314107626676559448e-01 4.376186430454254150e-01
4.326520487666130066e-02 1.928592287003993988e-02 5.413932800292968750e-01
2.800749540328979492e-01 4.546404778957366943e-01 1.123670861124992371e-01
7.734969258308410645e-02 2.008044272661209106e-01 3.866284191608428955e-01
1.963602453470230103e-01 7.302655577659606934e-01 1.359300166368484497e-01
2.414958328008651733e-01 3.571321815252304077e-02 3.062987923622131348e-01
8.244823217391967773e-01 1.079507172107696533e-01 6.943631172180175781e-02
7.492014765739440918e-02 6.017741188406944275e-02 3.300757706165313721e-01
1.147720456123352051e+00 4.371496848762035370e-03 8.728585089556872845e-04
2.596732787787914276e-02 1.151860412210226059e-02 5.743967890739440918e-01
6.944464053958654404e-03 1.506757259368896484e+00 2.019181661307811737e-02
