1.095664314925670624e-02 7.550793886184692383e-01 1.974132843315601349e-02
4.852484911680221558e-02 2.789445817470550537e-01 1.603726744651794434e-01
9.241735190153121948e-02 2.391474395990371704e-01 1.427411586046218872e-01
2.567399442195892334e-01 1.046264767646789551e-01 7.396081089973449707e-02
1.601584851741790771e-01 4.356237649917602539e-01 2.749657258391380310e-02
3.034830987453460693e-01 8.353840559720993042e-02 4.834669828414916992e-02
7.312943786382675171e-02 5.069012045860290527e-01 6.370189785957336426e-02
2.734270691871643066e-01 1.052486076951026917e-01 6.188639998435974121e-02
1.619241982698440552e-01 2.525917887687683105e-01 8.965390175580978394e-02
6.246539205312728882e-02 5.455964803695678711e-01 5.830831080675125122e-02
4.187610745429992676e-01 3.315661335363984108e-03 2.220748458057641983e-03
3.282026154920458794e-03 3.272141795605421066e-03 2.917938232421875000e-01
2.557555213570594788e-03 8.489968776702880859e-01 2.940176986157894135e-03
