1.172820627689361572e-01 9.628445655107498169e-02 2.470975220203399658e-01
3.280489891767501831e-02 3.118958175182342529e-01 1.165761202573776245e-01
1.639404296875000000e-01 3.790546581149101257e-02 2.719338238239288330e-01
1.051907707005739212e-02 3.008356504142284393e-02 3.470413386821746826e-01
3.740588128566741943e-01 1.754130423069000244e-01 6.847491860389709473e-02
1.542243957519531250e-01 5.266373604536056519e-02 2.646872997283935547e-01
4.058782458305358887e-01 1.390750557184219360e-01 8.260610699653625488e-02
1.701265573501586914e-02 2.079104185104370117e-01 2.054011672735214233e-01
6.790979951620101929e-02 3.530710041522979736e-01 6.657995283603668213e-02
3.169815838336944580e-01 4.946491494774818420e-02 1.932964175939559937e-01
3.361004870384931564e-03 4.824105203151702881e-01 1.535280607640743256e-04
2.082054503262042999e-03 2.757337410002946854e-03 3.767221271991729736e-01
8.332827091217041016e-01 1.202772953547537327e-03 1.120006898418068886e-03
