2.978584733531026152e-01 6.322066839974318508e-01 6.993484264946545070e-02
2.310645752059522218e-01 2.404328179973974286e-02 7.448921429943080597e-01
2.765680225926100411e-01 1.625969736455993575e-01 5.608350037617907402e-01
3.058924908596239445e-01 6.484091421123630017e-01 4.569836702801297057e-02
3.586225872698415862e-01 1.498510607883232759e-01 4.915263519418351934e-01
2.700089269590280061e-01 3.477672365514880015e-01 3.822238364894840479e-01
2.631043448036503585e-01 2.259237091822973997e-01 5.109719460140522695e-01
9.665170414627448359e-02 6.415445656473550695e-01 2.618037302063704885e-01
2.257008331659277056e-01 6.474997861011327904e-01 1.267993807329394762e-01
2.875068128120524258e-01 2.409151836274919523e-01 4.715780035604557052e-01
1.000000000000000000e+00 0.000000000000000000e+00 0.000000000000000000e+00
0.000000000000000000e+00 1.000000000000000000e+00 0.000000000000000000e+00
0.000000000000000000e+00 0.000000000000000000e+00 1.000000000000000000e+00
