2.980061263937525124e-05 3.957990753513410619e-04 9.995744003120091703e-01
9.994150400379051558e-01 3.826650226220093239e-04 2.022949394728136422e-04
2.463497771523103148e-04 2.725648272201129305e-02 9.724971675008362570e-01
6.563304314261545662e-04 5.039532553959716332e-02 9.489483440289766536e-01
1.970683363307033367e-04 1.128681333595560159e-02 9.885161183277137997e-01
3.944440368095174362e-04 4.557262251578507450e-03 9.950482937116120752e-01
7.283992316543002514e-04 2.231056774915039613e-03 9.970405439934305614e-01
9.252942755296747132e-04 3.772332966046283986e-01 6.218414091198419813e-01
9.997427761751014330e-01 1.681784130526064970e-04 8.904541184601864532e-05
1.298982481816549506e-04 2.196334323013021152e-03 9.976737674288052027e-01
9.998319465328504574e-01 8.419525091874345449e-05 8.385821623082507039e-05
1.731247738037303249e-04 2.618040333781293375e-04 9.995650711928181220e-01
7.686904707853274847e-05 3.952303649856331427e-05 9.998836079164229451e-01
2.005573176921908842e-04 5.226958624309767810e-04 9.992767468198767711e-01
1.824507664327051654e-03 9.885421151787340821e-02 8.993212808177994955e-01
2.105620080960304320e-03 1.256588369078350531e-01 8.722355430112046504e-01
1.047034008378688007e-03 3.290007854593656744e-01 6.699521805322555812e-01
3.945281504856384508e-05 9.987606972034492880e-01 1.199849981502339050e-03
9.997878762308900491e-01 1.850825600541798318e-04 2.704120905569582051e-05
2.976424035133072208e-04 6.160521805498644227e-02 9.380971395415002023e-01
9.994051266293164648e-01 5.101227501851895822e-04 8.475062049833485594e-05
8.333657778126799605e-05 1.977472691289458920e-03 9.979391907309294041e-01
4.173825529600078973e-05 4.459755161097085033e-04 9.995122862285943377e-01
4.932865286114794111e-05 2.697801046999574260e-04 9.996808912424387517e-01
2.083866242405413044e-04 2.856436500850842095e-04 9.995059697256744036e-01
2.937336332942828607e-04 2.967731494670585238e-03 9.967385348720350091e-01
1.707556682055825061e-03 3.284125052604630057e-01 6.698799380574811391e-01
3.453829667727317289e-03 9.964119879596354812e-01 1.341823726371925028e-04
9.997627987326942467e-01 2.035204880751932742e-04 3.368077923074848547e-05
