3.829504176974296570e-02 4.309090971946716309e-02 1.332617551088333130e-02 2.218323230743408203e+00
9.274677373468875885e-03 3.882337734103202820e-02 2.134846150875091553e-01 5.565357208251953125e-02
1.555639356374740601e-01 4.525089263916015625e-02 1.337070576846599579e-02 2.066364049911499023e+00
6.230210065841674805e-01 1.337393000721931458e-02 1.136932801455259323e-02 1.720758318901062012e+00
4.470881819725036621e-01 2.642874792218208313e-02 1.468347012996673584e-02 1.877759933471679688e+00
9.554972052574157715e-01 1.002977136522531509e-02 1.189543120563030243e-02 1.407958984375000000e+00
1.287437438964843750e+00 1.658608578145503998e-02 1.079639419913291931e-02 1.018085122108459473e+00
1.592609167098999023e+00 2.894610166549682617e-01 1.000903919339179993e-02 7.578792050480842590e-03
7.717650383710861206e-03 4.853359889239072800e-03 7.192502617835998535e-01 1.144958287477493286e-02
1.743612252175807953e-02 5.871117860078811646e-02 1.450644619762897491e-02 2.183863878250122070e+00
9.333740919828414917e-03 5.205976963043212891e-02 2.212767750024795532e-01 5.886667221784591675e-02
6.915093958377838135e-02 4.630639031529426575e-02 1.414700318127870560e-02 2.202100038528442383e+00
3.210740685462951660e-01 1.913185417652130127e-02 1.404604408890008926e-02 2.058104276657104492e+00
7.533946633338928223e-01 1.234159152954816818e-02 1.587060093879699707e-02 1.656523346900939941e+00
1.028567552566528320e+00 3.649884834885597229e-02 2.225955016911029816e-02 1.275581598281860352e+00
1.186940789222717285e+00 1.745172217488288879e-02 1.791127026081085205e-02 1.147372007369995117e+00
1.767875075340270996e+00 1.716128289699554443e-01 1.608224771916866302e-02 9.410853497684001923e-03
5.998685956001281738e-03 1.125055551528930664e+00 2.827321924269199371e-02 2.276500314474105835e-02
6.836387328803539276e-03 7.068633567541837692e-03 7.138845324516296387e-01 1.988024450838565826e-02
1.524785906076431274e-02 7.178143411874771118e-02 2.105178683996200562e-02 2.052731037139892578e+00
1.898982375860214233e-02 4.128212481737136841e-02 2.227439880371093750e-01 4.825768992304801941e-02
7.986803352832794189e-02 5.554816499352455139e-02 1.633564941585063934e-02 2.194954156875610352e+00
4.800767302513122559e-01 2.542690932750701904e-02 1.123608741909265518e-02 1.912401199340820312e+00
4.165574014186859131e-01 2.292397432029247284e-02 1.529168523848056793e-02 1.982324242591857910e+00
1.067752599716186523e+00 1.857491955161094666e-02 1.273507624864578247e-02 1.315160274505615234e+00
1.066473722457885742e+00 1.444953121244907379e-02 1.570417918264865875e-02 1.284218192100524902e+00
1.710416555404663086e+00 2.204350084066390991e-01 1.130574941635131836e-02 2.335835481062531471e-03
4.460677038878202438e-03 1.120034337043762207e+00 2.967939339578151703e-02 9.564345702528953552e-03
2.028011344373226166e-02 2.596557838842272758e-03 6.984673738479614258e-01 1.970913819968700409e-02
