2.781564950942993164e+00
1.811112016439437866e-01
2.731923580169677734e+00
2.804709911346435547e+00
2.812866926193237305e+00
2.783021450042724609e+00
2.668736457824707031e+00
1.735600113868713379e+00
2.645237147808074951e-01
2.722099781036376953e+00
1.924426853656768799e-01
2.800220727920532227e+00
2.891950607299804688e+00
2.869833946228027344e+00
2.716653108596801758e+00
2.722503185272216797e+00
2.007349252700805664e+00
6.780430078506469727e-01
2.665331363677978516e-01
2.525175333023071289e+00
1.917669773101806641e-01
2.809248685836791992e+00
2.889328002929687500e+00
2.905579328536987305e+00
2.797638893127441406e+00
2.757007837295532227e+00
1.918014407157897949e+00
6.648139953613281250e-01
2.634183466434478760e-01
