2.225603818893432617e+00 7.521242368966341019e-03 2.458079345524311066e-02
2.901770360767841339e-02 2.222410589456558228e-02 2.124091982841491699e-01
2.099065780639648438e+00 1.091288551688194275e-01 2.635500766336917877e-02
1.841193437576293945e+00 5.258342027664184570e-01 1.067676488310098648e-02
1.967637896537780762e+00 3.652851283550262451e-01 1.923426426947116852e-02
1.582023382186889648e+00 8.425768613815307617e-01 8.674812503159046173e-03
1.231957435607910156e+00 1.182037472724914551e+00 1.011728402227163315e-02
3.183656372129917145e-03 1.916874766349792480e+00 6.705663166940212250e-03
2.717906143516302109e-03 9.031230583786964417e-04 6.630879044532775879e-01
2.175620555877685547e+00 1.476452592760324478e-02 3.130306303501129150e-02
3.100896626710891724e-02 2.509453520178794861e-02 2.213137447834014893e-01
2.218492031097412109e+00 3.129799664020538330e-02 2.580505423247814178e-02
2.131733417510986328e+00 2.347880899906158447e-01 1.690429449081420898e-02
1.802247524261474609e+00 6.424470543861389160e-01 1.414841692894697189e-02
1.450645089149475098e+00 9.454227089881896973e-01 9.131172671914100647e-03
1.349517822265625000e+00 1.083213329315185547e+00 9.347782470285892487e-03
1.506152600049972534e-01 1.914817214012145996e+00 1.051819790154695511e-02
1.274133683182299137e-03 8.669306039810180664e-01 2.280438989400863647e-01
6.824423908255994320e-04 4.273361992090940475e-03 6.583703160285949707e-01
2.040610551834106445e+00 3.665954805910587311e-03 3.910566493868827820e-02
3.572935238480567932e-02 2.621929533779621124e-02 2.211630493402481079e-01
2.202915430068969727e+00 6.345701962709426880e-02 2.919450961053371429e-02
2.006788015365600586e+00 3.964487910270690918e-01 1.643576845526695251e-02
2.069286823272705078e+00 3.300844430923461914e-01 1.895735785365104675e-02
1.502358675003051758e+00 9.647679328918457031e-01 2.788442652672529221e-03
1.468776941299438477e+00 9.653037190437316895e-01 5.597933195531368256e-03
6.329388171434402466e-02 1.938825845718383789e+00 6.985602900385856628e-03
9.968300582841038704e-04 8.427413105964660645e-01 2.379029244184494019e-01
1.808620872907340527e-03 4.213605541735887527e-03 6.442854404449462891e-01
