3.299181908369064331e-02 4.016374051570892334e-02 5.798352956771850586e-01 1.219490636140108109e-02 1.633991003036499023e+00
4.209395125508308411e-02 1.691936142742633820e-02 3.544248640537261963e-02 2.639212310314178467e-01 1.299871783703565598e-02
3.675048053264617920e-02 8.751823008060455322e-02 6.885491609573364258e-01 1.736980676651000977e-02 1.430112838745117188e+00
5.201711505651473999e-02 1.650942414999008179e-01 1.329459667205810547e+00 1.708679087460041046e-02 7.142934203147888184e-01
5.619300156831741333e-02 9.615161269903182983e-02 1.180076241493225098e+00 1.950793713331222534e-02 9.393544793128967285e-01
5.962720140814781189e-02 3.065946698188781738e-01 1.603375315666198730e+00 2.091316506266593933e-02 2.757694423198699951e-01
4.506658390164375305e-02 5.982663631439208984e-01 1.548568606376647949e+00 1.650941744446754456e-02 1.349254790693521500e-02
1.572788804769515991e-01 1.676807403564453125e+00 4.717218223959207535e-03 2.057699300348758698e-02 5.578065291047096252e-03
1.105909328907728195e-02 3.387704724445939064e-03 8.267782628536224365e-03 8.913404345512390137e-01 1.378686260432004929e-02
2.839589491486549377e-02 8.219888061285018921e-02 4.219872057437896729e-01 1.542743574827909470e-02 1.722819328308105469e+00
5.320030078291893005e-02 2.260464616119861603e-02 1.844606921076774597e-02 2.731142342090606689e-01 3.703612834215164185e-02
3.570963069796562195e-02 3.611778095364570618e-02 6.549677848815917969e-01 1.640783995389938354e-02 1.567321300506591797e+00
4.825345799326896667e-02 3.953070566058158875e-02 1.129956960678100586e+00 1.332962233573198318e-02 1.115264415740966797e+00
6.452506780624389648e-02 1.728890985250473022e-01 1.553093314170837402e+00 2.207579091191291809e-02 5.098739862442016602e-01
6.077326461672782898e-02 4.292649030685424805e-01 1.472866415977478027e+00 2.192611061036586761e-02 2.628888785839080811e-01
6.192584335803985596e-02 4.782113730907440186e-01 1.631657838821411133e+00 2.913496084511280060e-02 5.143867060542106628e-02
7.052455097436904907e-02 1.586878180503845215e+00 3.095387518405914307e-01 1.875094324350357056e-02 1.805961877107620239e-02
1.210137128829956055e+00 1.058318652212619781e-02 1.073772553354501724e-02 1.923430152237415314e-02 1.200855430215597153e-02
1.088432874530553818e-02 8.338929153978824615e-03 1.061716582626104355e-02 8.844178318977355957e-01 2.498094923794269562e-02
1.682535000145435333e-02 1.788794994354248047e-01 8.346702903509140015e-03 1.885806955397129059e-02 1.953957557678222656e+00
4.421032965183258057e-02 1.996011100709438324e-02 1.669036783277988434e-02 2.744747996330261230e-01 4.508520662784576416e-02
3.923063352704048157e-02 8.740603178739547729e-02 5.513092279434204102e-01 1.970054022967815399e-02 1.643595337867736816e+00
5.764024704694747925e-02 1.119645088911056519e-01 1.213467955589294434e+00 1.473476924002170563e-02 9.538122415542602539e-01
5.354384705424308777e-02 7.731843739748001099e-02 1.186950802803039551e+00 2.017375268042087555e-02 1.026069164276123047e+00
7.108351588249206543e-02 3.681285977363586426e-01 1.662078976631164551e+00 2.485977672040462494e-02 1.666591018438339233e-01
6.523261219263076782e-02 3.982584178447723389e-01 1.592350721359252930e+00 2.200655266642570496e-02 1.883071064949035645e-01
1.048690751194953918e-01 1.638785004615783691e+00 1.462630629539489746e-01 2.099988423287868500e-02 5.641438066959381104e-02
1.204717397689819336e+00 3.133581718429923058e-03 7.511811796575784683e-03 3.154074773192405701e-02 1.801142841577529907e-02
3.921039402484893799e-03 1.275826804339885712e-02 4.880051594227552414e-03 8.665570616722106934e-01 1.784501783549785614e-02
