4.916746318340301514e-01 8.530189096927642822e-02 1.184000968933105469e+00 2.024742960929870605e-01
1.407674551010131836e-01 8.969544172286987305e-01 4.100941866636276245e-02 1.665296703577041626e-01
5.023924708366394043e-01 7.499808073043823242e-02 1.186474800109863281e+00 1.151378229260444641e-01
9.383909106254577637e-01 8.750753849744796753e-02 7.567167878150939941e-01 1.544107794761657715e-01
8.457849025726318359e-01 8.555864542722702026e-02 7.654140591621398926e-01 2.692923843860626221e-01
1.157978057861328125e+00 1.215005889534950256e-01 4.740107655525207520e-01 2.452067136764526367e-01
1.388906598091125488e+00 1.452421098947525024e-01 1.891602575778961182e-01 3.124468028545379639e-01
1.199416995048522949e+00 1.307209432125091553e-01 2.354566566646099091e-02 6.555312275886535645e-01
2.134841531515121460e-01 1.275181889533996582e+00 4.949635639786720276e-02 1.649119406938552856e-01
1.695412695407867432e-01 1.128608658909797668e-01 1.434810638427734375e+00 1.781094968318939209e-01
2.806102298200130463e-02 9.248834252357482910e-01 5.826759338378906250e-02 2.147263139486312866e-01
5.582266449928283691e-01 9.028592705726623535e-02 1.154470682144165039e+00 1.621205210685729980e-01
7.864825129508972168e-01 1.178016886115074158e-01 9.222643375396728516e-01 1.836590617895126343e-01
9.690039157867431641e-01 1.056367233395576477e-01 7.510259151458740234e-01 1.783127486705780029e-01
1.022363901138305664e+00 8.772522956132888794e-02 5.712941884994506836e-01 2.550913691520690918e-01
1.279127478599548340e+00 1.225477904081344604e-01 3.402954638004302979e-01 2.776637375354766846e-01
1.300351142883300781e+00 1.299736946821212769e-01 6.658313423395156860e-02 5.444706082344055176e-01
1.489370465278625488e-01 1.050304844975471497e-01 3.037370741367340088e-02 1.604444861412048340e+00
2.084461450576782227e-01 1.263605117797851562e+00 4.592321068048477173e-02 1.642073839902877808e-01
3.115376532077789307e-01 9.476280212402343750e-02 1.447986841201782227e+00 3.836628422141075134e-02
1.400127410888671875e-01 8.964950442314147949e-01 3.830233961343765259e-02 1.715496033430099487e-01
1.820780783891677856e-01 5.959247052669525146e-02 1.494913339614868164e+00 1.691929996013641357e-01
4.479638934135437012e-01 1.063369736075401306e-01 1.197686553001403809e+00 1.916964203119277954e-01
6.251113414764404297e-01 1.055883392691612244e-01 1.106248021125793457e+00 1.340649574995040894e-01
8.691564202308654785e-01 8.093272149562835693e-02 7.998067140579223633e-01 2.290952652692794800e-01
9.877692461013793945e-01 9.019391238689422607e-02 6.785726547241210938e-01 2.045280933380126953e-01
1.317248106002807617e+00 1.419258862733840942e-01 3.661732003092765808e-02 5.291331410408020020e-01
1.677697300910949707e-01 1.355664581060409546e-01 3.253885358572006226e-02 1.567754149436950684e+00
2.091153860092163086e-01 1.225990056991577148e+00 4.872584342956542969e-02 1.793965399265289307e-01
