3.569555655121803284e-02 1.116762876510620117e+00 5.274063721299171448e-02 5.918780565261840820e-01 1.153486296534538269e-01
1.002581596374511719e+00 1.878610998392105103e-02 1.754525490105152130e-02 1.129797846078872681e-02 3.565726801753044128e-02
3.586535900831222534e-02 1.097537279129028320e+00 5.053227022290229797e-02 5.159905552864074707e-01 1.488394737243652344e-01
5.735022947192192078e-02 8.086032271385192871e-01 3.066227026283740997e-02 7.700740694999694824e-01 2.095945775508880615e-01
3.960604965686798096e-02 7.515018582344055176e-01 5.325157567858695984e-02 8.475228548049926758e-01 1.943434923887252808e-01
3.541799634695053101e-02 5.105264186859130859e-01 6.154181808233261108e-02 1.079976797103881836e+00 2.037069648504257202e-01
3.967591747641563416e-02 3.159060776233673096e-01 5.942151322960853577e-02 1.217593312263488770e+00 2.698564529418945312e-01
3.392051532864570618e-02 1.085986495018005371e-01 5.520179495215415955e-02 1.088031768798828125e+00 6.231991052627563477e-01
2.514342404901981354e-02 2.621118724346160889e-02 1.285834789276123047e+00 1.859072223305702209e-02 1.476884540170431137e-02
5.256706848740577698e-02 1.315847396850585938e+00 3.235452994704246521e-02 3.723226487636566162e-01 8.502820134162902832e-02
1.025166988372802734e+00 2.854666113853454590e-02 3.044103458523750305e-02 3.992758691310882568e-02 5.970581993460655212e-02
5.557624250650405884e-02 1.107203245162963867e+00 2.431325428187847137e-02 5.849701762199401855e-01 1.496711969375610352e-01
5.884658545255661011e-02 8.729065656661987305e-01 4.155073687434196472e-02 8.269513845443725586e-01 1.400177478790283203e-01
4.843134060502052307e-02 6.757407188415527344e-01 3.474535793066024780e-02 9.788139462471008301e-01 1.798037439584732056e-01
4.809524863958358765e-02 6.051079034805297852e-01 2.541024982929229736e-02 9.007742404937744141e-01 2.891321778297424316e-01
4.164188355207443237e-02 3.996542394161224365e-01 4.644022881984710693e-02 1.166181683540344238e+00 2.520517408847808838e-01
2.542040869593620300e-02 2.751416712999343872e-02 4.657647013664245605e-02 1.256237030029296875e+00 5.384873747825622559e-01
4.880272224545478821e-02 2.109619230031967163e-02 6.620703637599945068e-02 1.795402541756629944e-02 1.685532331466674805e+00
2.022031135857105255e-02 2.127134799957275391e-02 1.269695520401000977e+00 2.504657581448554993e-02 2.115674689412117004e-02
5.158975347876548767e-02 1.529703497886657715e+00 6.642446666955947876e-02 3.136638924479484558e-02 1.558671891689300537e-01
9.912799596786499023e-01 2.341059222817420959e-02 5.141679570078849792e-02 2.295629680156707764e-02 2.900418452918529510e-02
3.047986142337322235e-02 1.429341912269592285e+00 5.295987427234649658e-02 2.801588177680969238e-01 9.326910227537155151e-02
4.367741569876670837e-02 1.119402885437011719e+00 4.581931233406066895e-02 5.709476470947265625e-01 1.060538887977600098e-01
3.967157006263732910e-02 1.098750233650207520e+00 3.926958516240119934e-02 6.102253794670104980e-01 1.205198839306831360e-01
2.643507160246372223e-02 7.936636805534362793e-01 5.043124407529830933e-02 8.601855039596557617e-01 1.658104807138442993e-01
1.912421733140945435e-02 6.725335121154785156e-01 6.038545817136764526e-02 9.363347887992858887e-01 1.876017004251480103e-01
4.459311068058013916e-02 7.306412607431411743e-02 4.722722247242927551e-02 1.189059019088745117e+00 5.461964607238769531e-01
5.432393774390220642e-02 1.644529961049556732e-02 8.806934207677841187e-02 9.709687530994415283e-02 1.608351469039916992e+00
4.751467332243919373e-02 4.525929316878318787e-02 1.246761560440063477e+00 3.090255521237850189e-02 2.703869715332984924e-02
