7.435448467731475830e-02 1.735343337059020996e+00 2.104255259037017822e-01
9.856624007225036621e-01 5.229111760854721069e-02 3.255725502967834473e-01
7.774354517459869385e-02 1.656177163124084473e+00 2.097264081239700317e-01
1.129988133907318115e-01 1.480220437049865723e+00 3.876929283142089844e-01
1.708230525255203247e-01 1.479027390480041504e+00 3.645344078540802002e-01
1.671988219022750854e-01 1.354809284210205078e+00 5.106155872344970703e-01
2.579508125782012939e-01 1.195189118385314941e+00 6.356820464134216309e-01
4.678826332092285156e-01 7.015680670738220215e-01 9.305016994476318359e-01
1.418931126594543457e+00 5.651469528675079346e-02 3.708322942256927490e-01
1.264115720987319946e-01 1.726298928260803223e+00 1.343735307455062866e-01
1.021209120750427246e+00 3.613655269145965576e-02 3.263398706912994385e-01
7.154979556798934937e-02 1.719186067581176758e+00 2.332785576581954956e-01
1.226338222622871399e-01 1.631260275840759277e+00 3.052199184894561768e-01
1.205995827913284302e-01 1.520525336265563965e+00 3.972139060497283936e-01
1.543949693441390991e-01 1.342506289482116699e+00 4.873581230640411377e-01
1.704353690147399902e-01 1.315263628959655762e+00 5.716857314109802246e-01
4.268667697906494141e-01 8.071332573890686035e-01 8.976567387580871582e-01
8.507310152053833008e-01 1.907993108034133911e-01 9.821821451187133789e-01
1.399410605430603027e+00 5.302500724792480469e-02 3.618195056915283203e-01
9.737838804721832275e-02 1.735370516777038574e+00 1.129568144679069519e-01
9.931330084800720215e-01 4.427419602870941162e-02 3.182371556758880615e-01
8.045031130313873291e-02 1.806202292442321777e+00 1.120167449116706848e-01
1.280856281518936157e-01 1.685134172439575195e+00 1.980524212121963501e-01
1.500045359134674072e-01 1.681890368461608887e+00 2.091956585645675659e-01
1.370413154363632202e-01 1.541406512260437012e+00 3.482527136802673340e-01
1.457961797714233398e-01 1.456286668777465820e+00 4.046018123626708984e-01
3.515713214874267578e-01 8.658747673034667969e-01 8.535885810852050781e-01
8.226342797279357910e-01 2.474023401737213135e-01 9.631214141845703125e-01
1.366321206092834473e+00 7.195191085338592529e-02 3.559101223945617676e-01
