3.080232858657836914e+00
1.106098294258117676e+00
2.955559253692626953e+00
2.953374862670898438e+00
2.979468345642089844e+00
2.973015069961547852e+00
2.951574563980102539e+00
2.761533498764038086e+00
1.627395272254943848e+00
3.012485027313232422e+00
1.132771372795104980e+00
3.078595399856567383e+00
3.088984966278076172e+00
3.036594629287719727e+00
2.912618637084960938e+00
2.974830150604248047e+00
2.830554723739624023e+00
2.240365266799926758e+00
1.600611686706542969e+00
2.926092147827148438e+00
1.097800970077514648e+00
3.054384469985961914e+00
3.041431427001953125e+00
3.071910858154296875e+00
3.021194696426391602e+00
2.970120191574096680e+00
2.812663078308105469e+00
2.229072809219360352e+00
1.579314589500427246e+00
