2.901244163513183594e-01 3.633273839950561523e-01 2.111096531152725220e-01
1.663110405206680298e-01 2.167689055204391479e-01 4.854134023189544678e-01
2.556834369897842407e-02 4.017003774642944336e-01 5.284112691879272461e-01
7.513613253831863403e-02 6.660550236701965332e-01 9.071645140647888184e-01
7.649915665388107300e-02 3.106102049350738525e-01 5.311805009841918945e-01
4.538708627223968506e-01 2.211963683366775513e-01 5.620358046144247055e-03
1.967465877532958984e-01 6.543263792991638184e-01 6.556259840726852417e-02
2.069315612316131592e-01 4.630681872367858887e-01 1.951016783714294434e-01
1.041867434978485107e-01 7.993008494377136230e-01 6.500400602817535400e-02
1.130481138825416565e-01 5.284568071365356445e-01 2.520143091678619385e-01
2.483871281147003174e-01 4.020498692989349365e-01 2.208525240421295166e-01
4.127050340175628662e-01 2.411548048257827759e-03 2.113448083400726318e-01
5.248722434043884277e-01 3.441281244158744812e-02 9.926847368478775024e-02
2.395532131195068359e-01 6.566877961158752441e-01 2.859105914831161499e-02
5.375330895185470581e-02 6.334272027015686035e-01 2.504704296588897705e-01
2.634496428072452545e-02 3.628402352333068848e-01 5.490624308586120605e-01
2.944078147411346436e-01 5.882093310356140137e-01 2.386168017983436584e-02
3.863753974437713623e-01 2.216155175119638443e-03 2.846391201019287109e-01
3.177274763584136963e-01 3.374874293804168701e-01 1.566681563854217529e-01
5.744033455848693848e-01 1.390751302242279053e-01 3.773757955059409142e-03
2.322003990411758423e-01 4.591972529888153076e-01 2.363395690917968750e-01
2.356653362512588501e-01 4.180058240890502930e-01 2.257590442895889282e-01
3.132844865322113037e-01 8.124630153179168701e-02 4.245740175247192383e-01
1.208898499608039856e-01 7.442620992660522461e-01 7.895105332136154175e-02
5.158159136772155762e-01 2.969386987388134003e-02 8.567839115858078003e-02
2.413857728242874146e-01 6.487860679626464844e-01 2.984496764838695526e-02
1.158789321780204773e-01 7.556173205375671387e-01 7.928137481212615967e-02
3.406517207622528076e-02 9.303247928619384766e-01 8.444336056709289551e-02
1.144811883568763733e-01 5.568339228630065918e-01 2.206311225891113281e-01
5.405188724398612976e-02 3.286437988281250000e-01 5.326007604598999023e-01
2.389874160289764404e-01 6.723234057426452637e-01 2.946811728179454803e-02
1.635212451219558716e-01 4.954025447368621826e-01 2.421476244926452637e-01
2.813183963298797607e-01 3.633371889591217041e-01 2.130971550941467285e-01
8.269144594669342041e-02 8.520598411560058594e-01 7.444621622562408447e-02
1.610341668128967285e-01 5.266723036766052246e-01 2.023925483226776123e-01
3.429707586765289307e-01 8.733105659484863281e-02 3.987739086151123047e-01
4.718624353408813477e-01 6.834618002176284790e-02 7.523352652788162231e-02
1.571668386459350586e-01 7.260899543762207031e-01 4.664725810289382935e-02
3.637872636318206787e-02 3.470267057418823242e-01 5.421321392059326172e-01
3.118078410625457764e-01 3.421982228755950928e-01 1.699298024177551270e-01
2.047208696603775024e-01 4.537818431854248047e-01 2.303641736507415771e-01
5.218216180801391602e-01 1.875929720699787140e-02 9.616788476705551147e-02
3.555605411529541016e-01 4.816079139709472656e-01 4.119003191590309143e-02
4.820387661457061768e-01 1.182257086038589478e-01 9.477268904447555542e-02
5.011704564094543457e-01 4.108899459242820740e-02 8.640553057193756104e-02
2.187471836805343628e-01 1.725539416074752808e-01 4.711533486843109131e-01
1.930991709232330322e-01 4.725944697856903076e-01 1.966417729854583740e-01
7.037688046693801880e-02 6.081454753875732422e-01 2.362165004014968872e-01
1.039567515254020691e-01 6.015087366104125977e-01 2.126638293266296387e-01
1.610467582941055298e-01 2.554012537002563477e-01 4.549209773540496826e-01
1.913017630577087402e-01 4.747242331504821777e-01 2.347861826419830322e-01
3.073051869869232178e-01 3.519021868705749512e-01 2.086962759494781494e-01
1.286410838365554810e-01 7.283721566200256348e-01 8.178780227899551392e-02
7.999168336391448975e-02 2.965148985385894775e-01 5.168889164924621582e-01
1.781615167856216431e-01 5.032755732536315918e-01 1.867550164461135864e-01
9.798479825258255005e-02 7.703658342361450195e-01 8.308814465999603271e-02
1.694229245185852051e-01 7.261351346969604492e-01 4.427292570471763611e-02
1.749713867902755737e-01 4.966340661048889160e-01 2.050690352916717529e-01
4.771161451935768127e-02 3.579995036125183105e-01 4.990234971046447754e-01
3.460446000099182129e-01 5.423322692513465881e-02 4.302737712860107422e-01
1.796515733003616333e-01 4.865918457508087158e-01 2.400807291269302368e-01
