1.295340210199356079e-01 1.509653404355049133e-02 3.798448741436004639e-01 1.837113648653030396e-01 8.405119180679321289e-02
7.751955091953277588e-02 5.925735458731651306e-02 2.218729853630065918e-01 4.164634943008422852e-01 5.039550364017486572e-03
3.650260041467845440e-04 4.744222760200500488e-01 3.355673281475901604e-03 3.876760900020599365e-01 2.303318679332733154e-02
5.225977860391139984e-03 7.610019445419311523e-01 2.249983325600624084e-02 6.802485585212707520e-01 6.172901019454002380e-02
6.279084831476211548e-02 3.364661931991577148e-01 2.053290978074073792e-02 4.083701372146606445e-01 2.259428240358829498e-02
1.443602703511714935e-02 1.018105447292327881e-02 2.604479193687438965e-01 2.440857933834195137e-03 3.429363071918487549e-01
3.663786873221397400e-02 1.578800082206726074e-01 5.452878475189208984e-01 5.537833645939826965e-02 4.810846969485282898e-02
2.919569909572601318e-01 7.432625442743301392e-02 2.892634272575378418e-01 1.296849250793457031e-01 4.665760323405265808e-02
7.183939963579177856e-02 4.308888912200927734e-01 3.421288728713989258e-01 1.049246755428612232e-03 8.673188090324401855e-02
1.649087220430374146e-01 2.249238044023513794e-01 2.621628940105438232e-01 1.743849068880081177e-01 2.229482494294643402e-02
1.414368152618408203e-01 3.400792926549911499e-02 3.875251114368438721e-01 1.877259910106658936e-01 5.028068274259567261e-02
2.364111598581075668e-03 2.243028022348880768e-03 3.865554928779602051e-03 1.964107751846313477e-01 3.783608973026275635e-01
1.384854912757873535e-01 1.252817921340465546e-02 2.742488170042634010e-03 6.288668513298034668e-02 4.196546971797943115e-01
6.852629780769348145e-02 9.618138521909713745e-02 5.994723439216613770e-01 3.037123940885066986e-02 5.611738562583923340e-02
2.893719971179962158e-01 4.759736359119415283e-01 4.956663586199283600e-03 1.019555479288101196e-01 7.039889693260192871e-02
4.114744439721107483e-02 4.128117263317108154e-01 2.449590945616364479e-03 4.042026400566101074e-01 1.471368689090013504e-02
6.494402885437011719e-02 6.641892343759536743e-02 5.659058094024658203e-01 3.001652099192142487e-02 1.057322770357131958e-01
7.273684721440076828e-03 6.650025956332683563e-03 6.502835545688867569e-03 2.617861330509185791e-01 3.373023867607116699e-01
3.046917319297790527e-01 2.471044659614562988e-02 2.129665762186050415e-01 9.891524910926818848e-02 1.448938101530075073e-01
4.942704923450946808e-03 4.912077565677464008e-04 2.031421512365341187e-01 3.680241294205188751e-03 4.544897973537445068e-01
8.388720452785491943e-02 2.221461683511734009e-01 2.562340795993804932e-01 1.746147572994232178e-01 1.318404972553253174e-01
1.367717981338500977e-01 4.415189102292060852e-02 3.920485973358154297e-01 1.911591291427612305e-01 4.459068551659584045e-02
7.626447826623916626e-02 2.048722468316555023e-02 1.468736529350280762e-01 3.671309053897857666e-01 1.248950138688087463e-01
3.598739579319953918e-02 2.859449684619903564e-01 4.827071428298950195e-01 4.476884007453918457e-02 3.333837911486625671e-02
1.256233155727386475e-01 1.341996714472770691e-02 3.686401527374982834e-03 5.055608227849006653e-02 4.168162345886230469e-01
5.414718389511108398e-02 1.480341702699661255e-01 5.335842370986938477e-01 2.261245436966419220e-02 9.468275308609008789e-02
2.743210643529891968e-02 3.164229393005371094e-01 4.629143774509429932e-01 4.026272147893905640e-02 4.465639963746070862e-02
7.726443558931350708e-02 5.810693502426147461e-01 3.036644458770751953e-01 1.224707695655524731e-03 5.777405947446823120e-02
2.841668128967285156e-01 2.854091525077819824e-01 1.404235213994979858e-01 1.140896901488304138e-01 5.546882003545761108e-02
5.591617152094841003e-02 3.400535881519317627e-01 2.715353854000568390e-02 4.092133343219757080e-01 1.713020913302898407e-02
5.002796277403831482e-02 1.288420706987380981e-01 5.854490995407104492e-01 2.846175990998744965e-02 7.445388287305831909e-02
1.301475763320922852e-01 1.592493951320648193e-01 3.345986306667327881e-01 1.856466084718704224e-01 3.088699840009212494e-02
1.411369889974594116e-01 1.513814367353916168e-02 3.794837892055511475e-01 1.845546066761016846e-01 6.578125059604644775e-02
6.177898123860359192e-02 5.287097692489624023e-01 2.889972031116485596e-01 4.110981710255146027e-03 9.617278724908828735e-02
3.103614151477813721e-01 2.375703752040863037e-01 1.492679119110107422e-01 1.019348502159118652e-01 7.987764477729797363e-02
1.080803014338016510e-02 1.033636368811130524e-02 2.149390280246734619e-01 3.593684434890747070e-01 1.361376643180847168e-01
1.453248262405395508e-01 2.449229732155799866e-02 5.655568093061447144e-03 3.959340602159500122e-02 3.851344883441925049e-01
7.301063835620880127e-02 2.553713321685791016e-01 4.719740748405456543e-01 1.538257021456956863e-02 6.052611768245697021e-02
4.560688510537147522e-02 3.803778886795043945e-01 1.274605747312307358e-02 4.113056659698486328e-01 9.684377349913120270e-03
2.730354368686676025e-01 1.436070539057254791e-02 2.582420110702514648e-01 1.198100522160530090e-01 1.217763796448707581e-01
1.314296871423721313e-01 9.807111322879791260e-02 3.666335940361022949e-01 1.863257884979248047e-01 4.015917703509330750e-02
3.008429706096649170e-02 1.263703778386116028e-02 4.235718399286270142e-02 8.193813264369964600e-02 4.309602677822113037e-01
3.311882540583610535e-02 9.525205940008163452e-03 5.610767006874084473e-01 5.903739482164382935e-02 1.305609345436096191e-01
1.855381280183792114e-01 3.088517859578132629e-02 2.952269278466701508e-02 5.330554768443107605e-02 3.790476620197296143e-01
1.342000961303710938e-01 1.257556583732366562e-02 6.963590160012245178e-03 5.162495002150535583e-02 4.033676981925964355e-01
7.797376811504364014e-02 2.977637015283107758e-02 2.299415469169616699e-01 4.105098247528076172e-01 2.069169655442237854e-02
2.988162040710449219e-01 7.221242040395736694e-02 2.968091368675231934e-01 1.307592093944549561e-01 3.093615733087062836e-02
2.894426584243774414e-01 3.954364061355590820e-01 6.175456196069717407e-02 1.065031439065933228e-01 6.061220914125442505e-02
2.922192215919494629e-01 3.622645437717437744e-01 8.806087821722030640e-02 9.159412235021591187e-02 8.186329156160354614e-02
1.214253250509500504e-02 1.125937178730964661e-01 2.509998381137847900e-01 3.939402699470520020e-01 5.314531270414590836e-03
1.261457502841949463e-01 1.091722249984741211e-01 3.785143196582794189e-01 1.898397803306579590e-01 2.933877892792224884e-02
1.289660632610321045e-01 1.405445300042629242e-02 3.676564097404479980e-01 1.812849193811416626e-01 1.046449467539787292e-01
2.369691990315914154e-02 3.300720155239105225e-01 4.221943318843841553e-01 3.951163217425346375e-02 6.741099059581756592e-02
6.129205226898193359e-02 2.484026849269866943e-01 9.320876002311706543e-02 4.115074872970581055e-01 6.274086888879537582e-03
3.143817186355590820e-01 1.049851849675178528e-01 2.768325507640838623e-01 1.136308684945106506e-01 3.254628553986549377e-02
3.281361237168312073e-02 3.325546085834503174e-01 4.545626938343048096e-01 4.004574194550514221e-02 3.482697159051895142e-02
6.469568610191345215e-02 2.456629127264022827e-01 4.886692464351654053e-01 1.721701025962829590e-02 6.687562167644500732e-02
2.987918853759765625e-01 1.174537390470504761e-01 2.639625668525695801e-01 1.292523443698883057e-01 3.953905031085014343e-02
9.370092302560806274e-03 3.394971489906311035e-01 8.131253719329833984e-02 3.884750008583068848e-01 1.444923691451549530e-02
6.602804362773895264e-02 8.981036022305488586e-03 1.711353510618209839e-01 3.759068846702575684e-01 1.160563156008720398e-01
1.209296584129333496e-01 1.572848856449127197e-01 3.342435657978057861e-01 1.855840384960174561e-01 4.610794037580490112e-02
