1.022113919258117676e+00
1.004652261734008789e+00
1.142346024513244629e+00
1.964319825172424316e+00
1.081407904624938965e+00
7.778267860412597656e-01
1.138472795486450195e+00
1.044863462448120117e+00
1.227525949478149414e+00
1.092918395996093750e+00
1.038674712181091309e+00
6.726540923118591309e-01
7.203344106674194336e-01
1.146247506141662598e+00
1.164212942123413086e+00
1.115684509277343750e+00
1.110594272613525391e+00
7.270560860633850098e-01
9.571718573570251465e-01
7.981312274932861328e-01
1.113072633743286133e+00
1.051305174827575684e+00
9.182912111282348633e-01
1.189333558082580566e+00
6.892743110656738281e-01
1.139302253723144531e+00
1.199062585830688477e+00
1.344759225845336914e+00
1.096262574195861816e+00
1.082556128501892090e+00
1.167068004608154297e+00
1.093045115470886230e+00
1.014884591102600098e+00
1.283807396888732910e+00
1.086678743362426758e+00
9.295012950897216797e-01
6.805862784385681152e-01
1.168505668640136719e+00
1.097982645034790039e+00
9.717974066734313965e-01
1.069854259490966797e+00
6.924613118171691895e-01
1.056488394737243652e+00
7.784012556076049805e-01
6.891185641288757324e-01
9.874923229217529297e-01
1.044208288192749023e+00
1.133237123489379883e+00
1.134400844573974609e+00
1.015281558036804199e+00
1.087694406509399414e+00
1.022963762283325195e+00
1.180083990097045898e+00
1.050955772399902344e+00
1.057100653648376465e+00
1.203357100486755371e+00
1.179001331329345703e+00
1.065395116806030273e+00
1.076410531997680664e+00
9.261148571968078613e-01
1.096572399139404297e+00
