1.660875976085662842e-01 1.601399928331375122e-01 1.130063757300376892e-01
5.258482694625854492e-02 3.930840194225311279e-01 7.482229731976985931e-03
2.286277525126934052e-02 4.716489315032958984e-01 3.959120437502861023e-02
1.288372930139303207e-02 7.706079483032226562e-01 1.555482000112533569e-01
2.327745780348777771e-02 4.477577209472656250e-01 3.300889208912849426e-02
1.904667168855667114e-01 2.274966239929199219e-02 1.134392097592353821e-01
2.045672088861465454e-01 8.629556745290756226e-03 2.970709800720214844e-01
2.128980606794357300e-01 1.277516037225723267e-01 9.209666401147842407e-02
1.764128506183624268e-01 5.623137112706899643e-04 4.007198512554168701e-01
1.409493088722229004e-01 1.885806918144226074e-01 1.582783460617065430e-01
1.678244471549987793e-01 1.645656228065490723e-01 1.123274937272071838e-01
8.937375247478485107e-02 1.986583620309829712e-01 1.021541162771200106e-08
1.790983974933624268e-01 6.798273324966430664e-02 4.249740391969680786e-02
2.247252464294433594e-01 2.264182269573211670e-02 2.593256533145904541e-01
1.663180291652679443e-01 1.937148272991180420e-01 1.558670848608016968e-01
2.206427231431007385e-02 4.667679369449615479e-01 3.529803082346916199e-02
2.263179123401641846e-01 1.443678606301546097e-02 2.436074763536453247e-01
7.458516955375671387e-02 2.220092713832855225e-01 3.215312585234642029e-02
2.123979777097702026e-01 9.025779366493225098e-02 9.008490294218063354e-02
1.995303034782409668e-01 2.866070135496556759e-04 1.337621361017227173e-01
1.455021202564239502e-01 1.920620352029800415e-01 1.579612940549850464e-01
1.684327274560928345e-01 1.695469766855239868e-01 1.128043755888938904e-01
6.487803906202316284e-02 3.253949582576751709e-01 2.631764113903045654e-02
1.887232959270477295e-01 2.540344838052988052e-03 3.563919961452484131e-01
1.701201498508453369e-01 6.985163688659667969e-02 4.003567248582839966e-02
2.163072079420089722e-01 1.482699438929557800e-02 2.762611806392669678e-01
1.828664243221282959e-01 2.536002546548843384e-02 3.472045660018920898e-01
1.680791229009628296e-01 2.302839607000350952e-02 4.589975774288177490e-01
1.944371908903121948e-01 1.621780842542648315e-01 1.090476214885711670e-01
2.650992199778556824e-02 4.404972493648529053e-01 3.864177688956260681e-02
2.219505906105041504e-01 1.053092442452907562e-02 2.872097790241241455e-01
1.556551903486251831e-01 1.862729489803314209e-01 1.366892755031585693e-01
1.710042059421539307e-01 1.578079313039779663e-01 1.026266291737556458e-01
1.607584357261657715e-01 2.103703469038009644e-02 4.365788102149963379e-01
1.931924819946289062e-01 1.456957906484603882e-01 1.282128989696502686e-01
6.772242486476898193e-02 3.357870578765869141e-01 6.082660052925348282e-03
1.566526591777801514e-01 6.029381603002548218e-02 6.641295552253723145e-02
1.984266191720962524e-01 1.566383056342601776e-03 3.316378295421600342e-01
4.380981624126434326e-02 4.282643198966979980e-01 3.760837763547897339e-02
2.044948339462280273e-01 1.097307577729225159e-01 8.603909611701965332e-02
1.605049371719360352e-01 1.747213453054428101e-01 1.302005052566528320e-01
1.639090180397033691e-01 6.358145177364349365e-02 5.634908005595207214e-02
2.245193719863891602e-01 8.864142000675201416e-03 2.202467024326324463e-01
1.640184521675109863e-01 6.881097704172134399e-02 9.805002063512802124e-02
1.769610643386840820e-01 9.176271408796310425e-02 6.423726154025644064e-05
5.617986246943473816e-02 3.758241534233093262e-01 1.466201525181531906e-02
2.110478729009628296e-01 1.280253678560256958e-01 9.409654885530471802e-02
1.836619377136230469e-01 1.792846620082855225e-01 1.273487508296966553e-01
1.926706284284591675e-01 1.593773365020751953e-01 1.372648775577545166e-01
5.150039866566658020e-02 3.838248848915100098e-01 2.503363229334354401e-02
1.593932211399078369e-01 1.784597486257553101e-01 1.365270614624023438e-01
1.646221131086349487e-01 1.613656431436538696e-01 1.135046556591987610e-01
1.683638840913772583e-01 4.193153232336044312e-02 3.395595252513885498e-01
5.603369325399398804e-02 3.940886557102203369e-01 3.363983333110809326e-02
2.143391966819763184e-01 1.195576936006546021e-01 1.083398461341857910e-01
1.722504198551177979e-01 2.953518554568290710e-02 3.605585098266601562e-01
2.002797573804855347e-01 1.043020165525376797e-03 3.347890675067901611e-01
2.106546461582183838e-01 1.346249878406524658e-01 9.825470298528671265e-02
4.494214802980422974e-02 4.420753717422485352e-01 7.726751500740647316e-04
6.304439902305603027e-02 3.375371694564819336e-01 1.574280299246311188e-02
1.566349416971206665e-01 1.854416280984878540e-01 1.377510130405426025e-01
