2.806171542033553123e-03 1.138416454195976257e-01 3.294787704944610596e-01 1.212317496538162231e-01 1.873496621847152710e-01
3.929681610316038132e-03 3.502523899078369141e-01 7.601746171712875366e-02 8.245714008808135986e-02 7.554553449153900146e-02
1.202827435918152332e-03 4.194214046001434326e-01 1.912108361721038818e-01 4.307054355740547180e-02 4.902914166450500488e-02
9.541673958301544189e-02 7.087021470069885254e-01 2.270531505346298218e-01 5.227969959378242493e-02 3.908260911703109741e-02
3.858228772878646851e-02 4.205759167671203613e-01 1.598186492919921875e-01 3.970242571085691452e-03 7.775237463647499681e-05
1.772494614124298096e-01 1.362369768321514130e-02 3.110123984515666962e-02 1.554077267646789551e-01 1.498925394116668031e-05
3.275406658649444580e-01 6.246177852153778076e-02 4.688525199890136719e-02 1.033645570278167725e-01 9.910659719025716186e-05
1.387962251901626587e-01 8.926264196634292603e-02 1.361564397811889648e-01 1.919626444578170776e-01 1.137801352888345718e-02
3.920741379261016846e-01 4.318696632981300354e-02 2.388118737144395709e-04 6.844357401132583618e-02 1.229657977819442749e-01
8.859834074974060059e-02 1.553939580917358398e-01 3.429211676120758057e-01 7.307147979736328125e-02 6.373070180416107178e-02
1.482973694801330566e-01 1.466573625802993774e-01 9.926389902830123901e-02 3.017514571547508240e-02 2.716203629970550537e-01
1.464021624997258186e-03 2.269858568906784058e-01 1.229673400521278381e-01 1.806721463799476624e-02 9.087974578142166138e-02
5.859404336661100388e-04 5.400522798299789429e-02 4.422842990607023239e-03 1.246613860130310059e-01 3.887973725795745850e-01
3.172623813152313232e-01 3.048924729228019714e-03 6.023787707090377808e-02 1.493884921073913574e-01 4.087485373020172119e-02
3.931068931706249714e-05 1.156916096806526184e-01 6.537624001502990723e-01 3.527103035594336689e-05 2.449038922786712646e-01
1.898611953947693110e-04 4.249757230281829834e-01 2.552780508995056152e-01 6.096137212807661854e-07 1.511721033602952957e-02
2.839393019676208496e-01 1.076645162356726360e-06 1.246348097920417786e-01 1.357756406068801880e-01 4.696979746222496033e-02
3.687904030084609985e-02 2.162486612796783447e-01 4.413008809933671728e-06 1.055420711636543274e-01 2.113698236644268036e-02
1.115171685814857483e-01 8.234141767024993896e-02 3.927228506654500961e-03 3.077214397490024567e-02 5.324929356575012207e-01
1.726472675800323486e-01 3.245855623390525579e-05 5.265469476580619812e-02 1.438696533441543579e-01 6.845332682132720947e-02
9.883207082748413086e-02 1.540203243494033813e-01 3.769871890544891357e-01 7.962476462125778198e-02 4.407833912409842014e-04
1.480212658643722534e-01 1.479737162590026855e-01 6.102699786424636841e-02 1.438875347375869751e-01 6.319176405668258667e-02
1.283320132642984390e-02 2.866961956024169922e-01 6.421098858118057251e-02 5.866216495633125305e-02 1.683149337768554688e-01
3.753353953361511230e-01 5.065364390611648560e-02 9.029101580381393433e-03 3.454660251736640930e-02 1.652667075395584106e-01
4.004759341478347778e-02 3.535683080554008484e-02 2.273987978696823120e-03 1.182303428649902344e-01 3.229222893714904785e-01
3.256836235523223877e-01 6.458666757680475712e-04 9.182625263929367065e-02 1.169236972928047180e-01 5.128265172243118286e-02
3.656552433967590332e-01 6.546430289745330811e-02 4.984404519200325012e-02 6.023878231644630432e-02 6.569545716047286987e-02
3.400660157203674316e-01 3.892545029520988464e-02 4.522138535976409912e-01 4.071762785315513611e-03 1.145566566265188158e-04
1.050866208970546722e-03 8.807824552059173584e-02 6.206745505332946777e-01 1.940271072089672089e-02 2.286389023065567017e-01
2.555481344461441040e-02 4.075569510459899902e-01 1.687952280044555664e-01 2.651619911193847656e-02 2.826303170877508819e-05
3.537038862705230713e-01 9.399589151144027710e-03 1.630086801014840603e-03 1.489992588758468628e-01 2.605701796710491180e-02
1.815513968467712402e-01 1.661471575498580933e-01 8.067815750837326050e-02 1.215005367994308472e-01 1.786898635327816010e-02
1.252658665180206299e-01 1.299599856138229370e-01 6.633566319942474365e-02 1.450837999582290649e-01 1.043450608849525452e-01
3.336620330810546875e-01 2.045446448028087616e-02 2.779002189636230469e-01 3.095781058073043823e-02 1.361573934555053711e-01
5.020956695079803467e-02 7.966122776269912720e-02 5.505490303039550781e-01 1.017956510186195374e-01 3.158146981149911880e-03
3.129645437002182007e-02 3.046406805515289307e-01 2.557920757681131363e-03 1.180801689624786377e-01 1.684811711311340332e-02
3.485492616891860962e-02 1.138439774513244629e-02 5.610224604606628418e-02 1.214957311749458313e-01 3.013885617256164551e-01
3.422778248786926270e-01 2.119779027998447418e-02 1.389945596456527710e-01 9.015485644340515137e-02 1.305563491769134998e-03
2.403680700808763504e-03 4.187427461147308350e-01 1.946056932210922241e-01 3.150868415832519531e-02 1.470155920833349228e-02
1.030581817030906677e-01 7.650661468505859375e-02 5.458286032080650330e-02 1.624261885881423950e-01 2.118126749992370605e-01
9.557632356882095337e-02 1.468392163515090942e-01 2.412614375352859497e-01 1.396674215793609619e-01 5.056106601841747761e-04
1.009946390986442566e-01 5.066785588860511780e-02 1.435470858268672600e-05 1.466101855039596558e-01 7.808347046375274658e-02
2.449370473623275757e-01 2.972638607025146484e-02 5.734155327081680298e-02 1.439402401447296143e-01 9.334287047386169434e-02
1.039495132863521576e-02 3.529242007061839104e-03 1.805921643972396851e-01 8.977316319942474365e-02 4.044723808765411377e-01
1.093458756804466248e-02 3.455221280455589294e-02 3.789644688367843628e-02 1.174390465021133423e-01 3.502876758575439453e-01
8.564924355596303940e-04 3.746274411678314209e-01 1.713903248310089111e-01 3.363067656755447388e-02 7.299454882740974426e-03
1.350017786026000977e-01 1.013645008206367493e-01 1.022514048963785172e-02 2.130783498287200928e-01 1.025378704071044922e-01
1.042898860760033131e-03 1.039964258670806885e-01 7.088356018066406250e-01 2.452793414704501629e-04 1.627676486968994141e-01
3.002372068294789642e-06 7.991244643926620483e-02 7.144481539726257324e-01 5.977162159979343414e-03 2.043944299221038818e-01
2.173835597932338715e-02 3.570411801338195801e-01 1.181134954094886780e-01 5.609679222106933594e-02 2.260502614080905914e-02
1.766183376312255859e-01 1.557010412216186523e-01 8.312806487083435059e-02 1.156832501292228699e-01 5.613112822175025940e-02
2.427721954882144928e-02 1.192168295383453369e-01 3.168266117572784424e-01 1.828649938106536865e-01 6.246368866413831711e-05
3.584306836128234863e-01 6.451840698719024658e-02 1.044107526540756226e-01 8.288267068564891815e-03 1.141204088926315308e-01
2.547749690711498260e-02 4.019567966461181641e-01 1.606048941612243652e-01 1.966615766286849976e-02 5.585853359661996365e-04
1.483796089887619019e-01 7.636503130197525024e-02 1.496236622333526611e-01 1.969070285558700562e-01 4.826872464036568999e-05
3.417749702930450439e-01 6.288002431392669678e-02 1.910579502582550049e-01 4.203809052705764771e-02 4.343168984632939100e-04
3.787321746349334717e-01 5.497775040566921234e-03 4.548259545117616653e-03 1.394146233797073364e-01 4.957816563546657562e-04
1.606181412935256958e-01 8.862482756376266479e-02 3.806876763701438904e-02 1.957804709672927856e-01 9.594252705574035645e-02
2.122828736901283264e-02 3.786500692367553711e-01 1.955479532480239868e-01 3.914718702435493469e-02 2.346912369830533862e-04
3.499278053641319275e-02 2.852789163589477539e-01 1.305944024352356791e-04 7.849276810884475708e-02 1.565870195627212524e-01
1.876227706670761108e-01 1.719506233930587769e-01 7.968131103552877903e-04 1.279158294200897217e-01 7.950688898563385010e-02
