5.861529707908630371e-01
5.656646490097045898e-01
6.525719761848449707e-01
1.118527293205261230e+00
6.106339097023010254e-01
4.442042410373687744e-01
6.451442241668701172e-01
5.976562500000000000e-01
6.981351971626281738e-01
6.277892589569091797e-01
5.940801501274108887e-01
3.888705670833587646e-01
4.168878793716430664e-01
6.482580900192260742e-01
6.689376235008239746e-01
6.320634484291076660e-01
6.293417811393737793e-01
4.138722121715545654e-01
5.501656532287597656e-01
4.589813053607940674e-01
6.377277970314025879e-01
6.008502840995788574e-01
5.202547907829284668e-01
6.744912266731262207e-01
3.999812901020050049e-01
6.450194120407104492e-01
6.793778538703918457e-01
7.668158411979675293e-01
6.268908381462097168e-01
6.120293736457824707e-01
6.608226299285888672e-01
6.247623562812805176e-01
5.804125666618347168e-01
7.309949994087219238e-01
6.245074272155761719e-01
5.295570492744445801e-01
3.937453627586364746e-01
6.637861728668212891e-01
6.200256943702697754e-01
5.569676160812377930e-01
6.118437647819519043e-01
4.024439454078674316e-01
5.986267328262329102e-01
4.483741819858551025e-01
3.992503285408020020e-01
5.570032000541687012e-01
5.972382426261901855e-01
6.492148041725158691e-01
6.498930454254150391e-01
5.772320628166198730e-01
6.215925812721252441e-01
5.862110853195190430e-01
6.702976226806640625e-01
5.937709808349609375e-01
6.050611734390258789e-01
6.821809411048889160e-01
6.701270937919616699e-01
6.095012426376342773e-01
6.120890378952026367e-01
5.237032175064086914e-01
6.265778541564941406e-01
