1.492018625140190125e-02 9.169734083116054535e-03 1.936659030616283417e-02
2.275279257446527481e-03 2.576889097690582275e-02 5.778260901570320129e-02
3.583046048879623413e-02 8.740914985537528992e-03 5.215931683778762817e-03
5.491973832249641418e-02 6.813359213992953300e-04 2.190370811149477959e-03
2.958523482084274292e-02 1.098762149922549725e-03 8.705654181540012360e-03
5.887798124604159966e-06 9.207608178257942200e-03 9.290766716003417969e-02
6.594699341803789139e-03 2.501126192510128021e-02 3.706735093146562576e-03
2.687594108283519745e-02 2.294004335999488831e-02 2.242436446249485016e-02
2.968095708638429642e-03 4.776970669627189636e-02 2.620002487674355507e-03
1.827401481568813324e-02 1.886119134724140167e-02 9.340413816971704364e-05
