1.111953984946012497e-02 1.941213733516633511e-03 5.666329991072416306e-03
2.305925823748111725e-03 6.228094920516014099e-03 9.243909269571304321e-03
1.787313085515052080e-04 2.122004050761461258e-03 9.280000813305377960e-03
5.947585577814606950e-06 3.973406855948269367e-04 1.396830286830663681e-02
7.144805509597063065e-03 7.927339756861329079e-04 6.924784742295742035e-03
1.737914203658874612e-06 3.967213910073041916e-03 1.451738923788070679e-02
6.254104431718587875e-03 5.063492804765701294e-03 1.463898806832730770e-03
3.743568668141961098e-03 5.428961943835020065e-03 9.483226574957370758e-03
4.168705199845135212e-04 9.616361930966377258e-03 2.085876418277621269e-03
1.677590538747608662e-03 3.814571769908070564e-03 4.823714960366487503e-03
