1.082160696330236420e-02 1.020910587847374601e-03 3.013987508833351064e-02
1.837779019298978883e-02 3.410823463241050707e-02 3.462033097695966979e-03
1.798954994656572909e-02 7.208000233375012021e-03 9.088786580576702773e-03
2.895081201116572397e-02 1.148946512024062554e-03 1.208568754219521181e-03
1.615882312542330987e-02 1.020159466526160885e-03 4.390337596500129037e-03
2.904100200821732591e-02 2.159828889127207371e-02 2.904974438204995131e-03
2.150639298691384323e-03 9.488621032326604102e-03 4.280526349538676251e-02
1.663652346867445717e-02 5.201193131542867533e-03 5.268277833259466664e-02
1.959549623933382057e-03 5.386714422947267572e-02 2.379878187193225098e-03
8.596690944515856733e-03 1.224795560266394960e-02 2.300244511197428038e-02
