1.780000000000000000e+02 -1.200000000000000000e+01 6.400000000000000000e+01
-8.060000000000000000e+02 2.040000000000000000e+02 1.840000000000000000e+02
-3.750000000000000000e+03 1.800000000000000000e+01 -3.600000000000000000e+01
-1.804000000000000000e+03 -2.782000000000000000e+03 -1.280000000000000000e+02
-8.800000000000000000e+01 -2.548000000000000000e+03 -1.000000000000000000e+01
-5.460000000000000000e+02 2.360000000000000000e+02 2.240000000000000000e+02
-3.000000000000000000e+01 3.800000000000000000e+01 -2.000000000000000000e+01
-2.180000000000000000e+02 -1.200000000000000000e+01 4.600000000000000000e+01
7.800000000000000000e+02 2.080000000000000000e+02 -1.800000000000000000e+02
-1.880000000000000000e+02 9.200000000000000000e+01 -1.280000000000000000e+02
