-4.000000000000000000e+01 -1.310000000000000000e+02 -8.600000000000000000e+01
-2.860000000000000000e+02 -2.740000000000000000e+02 9.100000000000000000e+01
4.400000000000000000e+01 -6.700000000000000000e+01 -2.180000000000000000e+02
-1.510000000000000000e+02 1.660000000000000000e+02 2.040000000000000000e+02
1.680000000000000000e+02 5.900000000000000000e+01 4.900000000000000000e+01
-1.540000000000000000e+02 -3.020000000000000000e+02 -1.150000000000000000e+02
7.900000000000000000e+01 -2.040000000000000000e+02 1.250000000000000000e+02
-1.940000000000000000e+02 2.280000000000000000e+02 2.920000000000000000e+02
-1.480000000000000000e+02 2.100000000000000000e+02 1.060000000000000000e+02
-1.580000000000000000e+02 -1.060000000000000000e+02 -4.400000000000000000e+01
-2.090000000000000000e+02 -3.020000000000000000e+02 -2.710000000000000000e+02
3.020000000000000000e+02 3.020000000000000000e+02 -9.200000000000000000e+01
-2.170000000000000000e+02 -7.200000000000000000e+01 -8.000000000000000000e+00
