1.657511293888092041e-01 4.263811409473419189e-01 1.123230233788490295e-01
2.185929119586944580e-01 3.503724932670593262e-01 1.054686158895492554e-01
1.743011921644210815e-01 2.744781374931335449e-01 1.680307239294052124e-01
2.899885177612304688e-01 2.799484133720397949e-01 9.753029793500900269e-02
2.201824337244033813e-01 3.208649158477783203e-01 1.152570545673370361e-01
1.961862444877624512e-01 3.611610829830169678e-01 1.151318848133087158e-01
2.139439582824707031e-01 3.507693111896514893e-01 1.082913652062416077e-01
1.656476855278015137e-01 3.043621778488159180e-01 1.608619242906570435e-01
1.751301884651184082e-01 3.089539110660552979e-01 1.514156907796859741e-01
1.739822477102279663e-01 2.818504273891448975e-01 1.636441648006439209e-01
3.126019537448883057e-01 2.530557215213775635e-01 9.722190350294113159e-02
1.627348661422729492e-01 2.528638541698455811e-01 1.930169016122817993e-01
1.648072451353073120e-01 4.822397828102111816e-01 9.535673260688781738e-02
