1.124716753345301936e-03 1.190220642654319923e-04 9.987562611823893599e-01
1.606561621488420679e-03 1.447546262061748523e-01 8.536388121723367250e-01
2.005742281822337492e-01 7.137829695833990407e-01 8.564280223436726569e-02
6.373638631172735547e-01 3.617157038095141219e-01 9.204330732124455612e-04
4.686659320113170484e-03 7.570557081259270127e-02 9.196077698672940892e-01
5.469700193195148330e-01 6.799217106505959845e-04 4.523500589698345453e-01
5.890574538653883252e-01 2.063191990378051843e-01 2.046233470968064905e-01
4.598465381593085932e-01 5.381601860019719075e-01 1.993275838719481535e-03
1.348024953641817824e-03 7.948979534918407253e-02 9.191621796971740643e-01
3.166197271681037706e-01 6.824086957070476522e-01 9.715771248485624220e-04
9.416102377533492884e-01 5.540764822968708044e-03 5.284899742368188991e-02
3.742373375734344698e-01 4.538967453614237840e-02 5.803729878904232420e-01
7.538093456620167292e-04 9.991439803970539879e-01 1.022102572839237789e-04
