1.310000000000000000e+02 -2.080000000000000000e+02 -4.900000000000000000e+01
3.280000000000000000e+02 -2.600000000000000000e+01 -2.810000000000000000e+02
1.200000000000000000e+01 1.560000000000000000e+02 -1.340000000000000000e+02
-1.550000000000000000e+02 3.870000000000000000e+02 3.200000000000000000e+02
2.270000000000000000e+02 -5.100000000000000000e+01 -4.900000000000000000e+01
-1.260000000000000000e+02 -2.410000000000000000e+02 -6.600000000000000000e+01
6.800000000000000000e+01 -3.000000000000000000e+00 1.340000000000000000e+02
-1.740000000000000000e+02 4.690000000000000000e+02 -1.030000000000000000e+02
3.110000000000000000e+02 -4.000000000000000000e+00 6.100000000000000000e+01
-1.230000000000000000e+02 1.130000000000000000e+02 -6.600000000000000000e+01
-2.020000000000000000e+02 -3.370000000000000000e+02 -1.930000000000000000e+02
2.200000000000000000e+02 -2.300000000000000000e+02 3.840000000000000000e+02
-2.700000000000000000e+01 1.660000000000000000e+02 -2.860000000000000000e+02
