5.325177907943725586e-01 2.605310058593750000e+02 1.566703058779239655e-02
9.435613155364990234e-01 2.425260009765625000e+02 1.135117053985595703e+01
1.771690368652343750e+00 2.313267822265625000e+02 2.762610435485839844e+01
1.712513923645019531e+00 2.161596069335937500e+02 4.178903198242187500e+01
4.504236206412315369e-02 2.085475769042968750e+02 5.431095504760742188e+01
1.766235232353210449e+00 1.882630157470703125e+02 6.917945098876953125e+01
5.745767429471015930e-02 1.783510284423828125e+02 8.192151641845703125e+01
1.567447930574417114e-02 1.658735046386718750e+02 9.343535614013671875e+01
1.466490421444177628e-02 1.471413726806640625e+02 1.106046905517578125e+02
1.017212774604558945e-02 1.329966278076171875e+02 1.222711791992187500e+02
4.448336362838745117e-01 1.226416702270507812e+02 1.358559722900390625e+02
8.917097002267837524e-03 1.086853103637695312e+02 1.489171752929687500e+02
7.666410412639379501e-03 1.045720062255859375e+02 1.583916625976562500e+02
3.188835680484771729e-01 8.226348114013671875e+01 1.729125976562500000e+02
3.717032959684729576e-03 7.381080627441406250e+01 1.853774261474609375e+02
5.975206848233938217e-03 5.991236114501953125e+01 1.981750488281250000e+02
4.159037023782730103e-03 5.104042434692382812e+01 2.012989654541015625e+02
2.914724871516227722e-03 3.411119461059570312e+01 2.279815521240234375e+02
3.595495829358696938e-03 2.689194488525390625e+01 2.232079315185546875e+02
2.826508134603500366e-03 5.984033923596143723e-03 2.513402557373046875e+02
1.289622974582016468e-03 1.190431881695985794e-03 2.649011840820312500e+02
1.397273540496826172e+01 2.463198394775390625e+02 1.236181735992431641e+00
1.454878044128417969e+01 2.325531768798828125e+02 1.496645355224609375e+01
1.326131057739257812e+01 2.212626800537109375e+02 2.736170768737792969e+01
1.583271598815917969e+01 1.999180755615234375e+02 4.309472656250000000e+01
1.396592903137207031e+01 1.926336059570312500e+02 5.428266906738281250e+01
1.254489898681640625e+01 1.765088653564453125e+02 6.498525238037109375e+01
1.288650894165039062e+01 1.636814270019531250e+02 8.008721923828125000e+01
1.292593860626220703e+01 1.559634857177734375e+02 9.418849182128906250e+01
1.321947574615478516e+01 1.375481872558593750e+02 1.087564773559570312e+02
1.034902954101562500e+01 1.257838821411132812e+02 1.162433700561523438e+02
1.190965938568115234e+01 1.121432876586914062e+02 1.317695159912109375e+02
1.124547767639160156e+01 1.006084518432617188e+02 1.437488403320312500e+02
9.962610244750976562e+00 8.825498199462890625e+01 1.602874908447265625e+02
1.014268112182617188e+01 7.399993896484375000e+01 1.683049011230468750e+02
1.050995731353759766e+01 5.851860427856445312e+01 1.765369567871093750e+02
9.118057250976562500e+00 4.918523788452148438e+01 1.961963195800781250e+02
9.318638801574707031e+00 3.550947952270507812e+01 2.047640686035156250e+02
1.029304027557373047e+01 2.173802566528320312e+01 2.205293121337890625e+02
7.386198520660400391e+00 8.924668312072753906e+00 2.360303497314453125e+02
8.437237739562988281e+00 1.953235361725091934e-03 2.469210815429687500e+02
2.480683708190917969e+01 2.270752563476562500e+02 1.613078474998474121e+00
2.652002906799316406e+01 2.123495330810546875e+02 1.652396774291992188e+01
2.211667251586914062e+01 2.052661590576171875e+02 2.722771263122558594e+01
2.489603805541992188e+01 1.988068237304687500e+02 4.190358734130859375e+01
2.317528724670410156e+01 1.797664642333984375e+02 5.359213256835937500e+01
2.311359405517578125e+01 1.680752868652343750e+02 6.649220275878906250e+01
2.179975318908691406e+01 1.500409851074218750e+02 7.889893341064453125e+01
2.344380950927734375e+01 1.408852386474609375e+02 9.157001495361328125e+01
2.550457954406738281e+01 1.263668746948242188e+02 1.076057662963867188e+02
2.282183837890625000e+01 1.122097091674804688e+02 1.175959091186523438e+02
2.268936729431152344e+01 1.010426864624023438e+02 1.312658843994140625e+02
2.340168952941894531e+01 9.009955596923828125e+01 1.482471923828125000e+02
2.560072135925292969e+01 7.295068359375000000e+01 1.563412780761718750e+02
2.266911315917968750e+01 6.264524078369140625e+01 1.736502838134765625e+02
2.250169181823730469e+01 5.047198486328125000e+01 1.821517791748046875e+02
2.174052238464355469e+01 3.538206863403320312e+01 1.965855560302734375e+02
2.904550170898437500e+01 2.803285026550292969e+01 1.829368743896484375e+02
2.180212020874023438e+01 1.016593170166015625e+01 2.226588439941406250e+02
1.965769195556640625e+01 1.641350565478205681e-03 2.335988616943359375e+02
3.819547653198242188e+01 2.174943695068359375e+02 2.994286060333251953e+00
3.863644027709960938e+01 2.038809814453125000e+02 1.588510704040527344e+01
3.607194137573242188e+01 1.913896331787109375e+02 2.629762649536132812e+01
3.704642486572265625e+01 1.841145019531250000e+02 3.941728591918945312e+01
3.725397491455078125e+01 1.702714385986328125e+02 5.478079605102539062e+01
3.703625869750976562e+01 1.540453338623046875e+02 6.622473907470703125e+01
3.616130065917968750e+01 1.302593536376953125e+02 9.330593872070312500e+01
3.607383728027343750e+01 1.129457015991210938e+02 1.068407745361328125e+02
3.639964675903320312e+01 1.021172943115234375e+02 1.178107376098632812e+02
3.703990173339843750e+01 8.689014434814453125e+01 1.314421539306640625e+02
3.491463088989257812e+01 7.743386840820312500e+01 1.444325561523437500e+02
3.642630004882812500e+01 5.882659149169921875e+01 1.634527282714843750e+02
3.336371612548828125e+01 5.179222488403320312e+01 1.682673034667968750e+02
3.328667068481445312e+01 3.505101394653320312e+01 1.928463897705078125e+02
3.600604248046875000e+01 2.176527023315429688e+01 1.995405578613281250e+02
3.208095932006835938e+01 1.342430496215820312e+01 2.050054473876953125e+02
3.406286239624023438e+01 3.214169293642044067e-03 2.269332733154296875e+02
5.158248519897460938e+01 2.028702239990234375e+02 6.649448871612548828e+00
5.134870529174804688e+01 2.015640106201171875e+02 1.331846427917480469e+01
4.574357986450195312e+01 1.844325103759765625e+02 2.724042892456054688e+01
5.022195434570312500e+01 1.668992309570312500e+02 3.947351074218750000e+01
4.783951950073242188e+01 1.597613830566406250e+02 5.414086532592773438e+01
4.924595642089843750e+01 1.414111938476562500e+02 6.734982299804687500e+01
4.644362640380859375e+01 1.290317840576171875e+02 8.196105194091796875e+01
4.888149642944335938e+01 1.183073959350585938e+02 9.201113891601562500e+01
4.486353302001953125e+01 1.045468673706054688e+02 1.089890441894531250e+02
4.689605331420898438e+01 8.930210876464843750e+01 1.189892425537109375e+02
4.961788940429687500e+01 7.978050231933593750e+01 1.293252105712890625e+02
4.584026336669921875e+01 6.289492034912109375e+01 1.474946136474609375e+02
4.719073486328125000e+01 4.988624191284179688e+01 1.622996826171875000e+02
4.591923522949218750e+01 3.247223281860351562e+01 1.737111816406250000e+02
4.371043014526367188e+01 2.356927871704101562e+01 1.838188323974609375e+02
4.564170837402343750e+01 1.191921329498291016e+01 1.992236328125000000e+02
4.833229064941406250e+01 4.381977953016757965e-03 2.017230072021484375e+02
6.340453720092773438e+01 1.975147857666015625e+02 8.468075096607208252e-02
6.230676269531250000e+01 1.820305175781250000e+02 1.536874675750732422e+01
6.287601089477539062e+01 1.717020568847656250e+02 2.840514373779296875e+01
6.375355911254882812e+01 1.510594787597656250e+02 3.903384399414062500e+01
5.881385040283203125e+01 1.450411682128906250e+02 5.432685089111328125e+01
5.997950363159179688e+01 1.301390686035156250e+02 6.800996398925781250e+01
6.268218994140625000e+01 1.100959014892578125e+02 7.785463714599609375e+01
5.906523513793945312e+01 1.026821975708007812e+02 9.570426177978515625e+01
5.945777130126953125e+01 8.961517333984375000e+01 1.042466659545898438e+02
5.578762817382812500e+01 7.625652313232421875e+01 1.206923294067382812e+02
5.909938049316406250e+01 6.609029388427734375e+01 1.304077758789062500e+02
5.843598556518554688e+01 4.665525436401367188e+01 1.461735839843750000e+02
5.533129501342773438e+01 3.711306381225585938e+01 1.598850708007812500e+02
5.811993026733398438e+01 2.783088874816894531e+01 1.676780242919921875e+02
5.720104217529296875e+01 6.769143581390380859e+00 1.864088134765625000e+02
5.727692794799804688e+01 2.940140664577484131e-03 1.969144897460937500e+02
7.012940216064453125e+01 1.787993621826171875e+02 2.857875108718872070e+00
7.498367309570312500e+01 1.698375701904296875e+02 1.306177711486816406e+01
6.849713134765625000e+01 1.562151336669921875e+02 2.762953376770019531e+01
7.434046173095703125e+01 1.443225097656250000e+02 3.971140289306640625e+01
6.762783813476562500e+01 1.297578735351562500e+02 5.423605346679687500e+01
7.234971618652343750e+01 1.174099884033203125e+02 6.498492431640625000e+01
7.293196105957031250e+01 1.008621215820312500e+02 7.904720306396484375e+01
7.358863067626953125e+01 9.016436767578125000e+01 9.249895477294921875e+01
7.281417846679687500e+01 7.922644042968750000e+01 1.043821868896484375e+02
6.868235778808593750e+01 6.358847808837890625e+01 1.226689071655273438e+02
7.013100433349609375e+01 5.598687744140625000e+01 1.283289337158203125e+02
7.621352386474609375e+01 3.513378143310546875e+01 1.431755218505859375e+02
6.827763366699218750e+01 2.217281532287597656e+01 1.587065277099609375e+02
6.673412322998046875e+01 1.251548576354980469e+01 1.764895629882812500e+02
7.353163909912109375e+01 2.146060345694422722e-03 1.577334594726562500e+02
7.827253723144531250e+01 1.716348724365234375e+02 2.715540230274200439e-01
8.425463104248046875e+01 1.509149475097656250e+02 1.418644428253173828e+01
7.999921417236328125e+01 1.475325012207031250e+02 2.794763565063476562e+01
8.135723114013671875e+01 1.335636596679687500e+02 4.052132415771484375e+01
7.908307647705078125e+01 1.189891510009765625e+02 5.409669494628906250e+01
7.864188385009765625e+01 1.061428146362304688e+02 6.918904113769531250e+01
7.829730987548828125e+01 9.103230285644531250e+01 8.185841369628906250e+01
8.006425476074218750e+01 7.691481018066406250e+01 9.077930450439453125e+01
7.887432098388671875e+01 6.452684020996093750e+01 1.073179779052734375e+02
7.867564392089843750e+01 5.223240280151367188e+01 1.192189865112304688e+02
7.865989685058593750e+01 3.836613082885742188e+01 1.328310699462890625e+02
8.001773834228515625e+01 2.791584777832031250e+01 1.423232727050781250e+02
7.858197021484375000e+01 1.219539260864257812e+01 1.603270263671875000e+02
8.340628051757812500e+01 4.382336046546697617e-03 1.678965911865234375e+02
9.022305297851562500e+01 1.566147613525390625e+02 2.490195274353027344e+00
9.636048126220703125e+01 1.455124511718750000e+02 1.459979915618896484e+01
9.133921051025390625e+01 1.345916137695312500e+02 2.853026580810546875e+01
9.301567077636718750e+01 1.177033157348632812e+02 4.109055709838867188e+01
9.113890838623046875e+01 1.080738220214843750e+02 5.505941009521484375e+01
9.462360382080078125e+01 9.306434631347656250e+01 7.033053588867187500e+01
9.137764739990234375e+01 8.082508850097656250e+01 8.052601623535156250e+01
9.155233764648437500e+01 6.442318725585937500e+01 9.403484344482421875e+01
8.858551788330078125e+01 5.244271469116210938e+01 1.068552474975585938e+02
9.558430480957031250e+01 4.224865341186523438e+01 1.195823745727539062e+02
9.548472595214843750e+01 1.874019050598144531e+01 1.161812820434570312e+02
9.451173400878906250e+01 1.278041934967041016e+01 1.479051055908203125e+02
9.395130157470703125e+01 3.724038368090987206e-03 1.306320037841796875e+02
1.080416717529296875e+02 1.464769592285156250e+02 6.196926534175872803e-02
1.043605499267578125e+02 1.335954284667968750e+02 1.597562026977539062e+01
1.049738769531250000e+02 1.187767715454101562e+02 2.872087478637695312e+01
1.029394226074218750e+02 1.099752883911132812e+02 4.279555511474609375e+01
1.042257080078125000e+02 9.215615081787109375e+01 5.491973114013671875e+01
1.036638259887695312e+02 8.047990417480468750e+01 6.788245391845703125e+01
1.066871948242187500e+02 6.620439147949218750e+01 7.965835571289062500e+01
9.949730682373046875e+01 5.236197662353515625e+01 9.220368957519531250e+01
1.070289306640625000e+02 3.299441528320312500e+01 1.013245544433593750e+02
1.020499267578125000e+02 2.746516990661621094e+01 1.211259460449218750e+02
1.039957733154296875e+02 1.763114166259765625e+01 1.295221099853515625e+02
1.044991836547851562e+02 1.960144639015197754e-01 1.447555847167968750e+02
1.172947387695312500e+02 1.331148529052734375e+02 1.030729770660400391e+00
1.187760009765625000e+02 1.175331115722656250e+02 1.444162559509277344e+01
1.156634216308593750e+02 1.104332427978515625e+02 2.788662528991699219e+01
1.169751892089843750e+02 9.171949005126953125e+01 4.099124145507812500e+01
1.147809906005859375e+02 8.338339996337890625e+01 5.509422683715820312e+01
1.139661865234375000e+02 6.891442108154296875e+01 6.797512817382812500e+01
1.107662734985351562e+02 5.657520294189453125e+01 8.012932586669921875e+01
1.176936645507812500e+02 4.302278137207031250e+01 9.280747985839843750e+01
1.129001464843750000e+02 2.949304389953613281e+01 1.058610458374023438e+02
1.171753921508789062e+02 1.802725982666015625e+01 1.200435333251953125e+02
1.147343444824218750e+02 1.188445277512073517e-02 1.223476715087890625e+02
1.294591064453125000e+02 1.198264389038085938e+02 1.528482794761657715e+00
1.262334136962890625e+02 1.074977188110351562e+02 1.446213150024414062e+01
1.250128097534179688e+02 9.509494781494140625e+01 2.802099418640136719e+01
1.278204040527343750e+02 7.688670349121093750e+01 4.223368453979492188e+01
1.243454055786132812e+02 6.816723632812500000e+01 5.398600769042968750e+01
1.271277389526367188e+02 5.481704330444335938e+01 6.718379211425781250e+01
1.267295913696289062e+02 4.364542388916015625e+01 8.041107177734375000e+01
1.237879714965820312e+02 2.983996582031250000e+01 8.940547180175781250e+01
1.253645629882812500e+02 5.898982048034667969e+00 1.169243850708007812e+02
1.372873535156250000e+02 1.115565872192382812e+02 1.647002696990966797e-01
1.385856781005859375e+02 9.545131683349609375e+01 1.459654235839843750e+01
1.394683074951171875e+02 8.371884155273437500e+01 2.831658363342285156e+01
1.362675628662109375e+02 6.894284820556640625e+01 3.995205307006835938e+01
1.389636688232421875e+02 5.775385284423828125e+01 5.317286300659179688e+01
1.396034851074218750e+02 4.569711303710937500e+01 6.885252380371093750e+01
1.375978698730468750e+02 3.212591552734375000e+01 7.856132507324218750e+01
1.392214508056640625e+02 1.701566123962402344e+01 9.317196655273437500e+01
1.370441284179687500e+02 4.199737071990966797e+00 1.046191864013671875e+02
1.523072052001953125e+02 9.759123229980468750e+01 7.792618870735168457e-01
1.462288055419921875e+02 7.988703155517578125e+01 1.731588745117187500e+01
1.517499237060546875e+02 7.070476531982421875e+01 2.744909858703613281e+01
1.487466888427734375e+02 4.779106521606445312e+01 5.452020263671875000e+01
1.524071350097656250e+02 3.342862319946289062e+01 6.270219421386718750e+01
1.485412597656250000e+02 1.856514549255371094e+01 7.909997558593750000e+01
1.503213806152343750e+02 5.443099975585937500e+00 9.141786193847656250e+01
1.659012145996093750e+02 8.630448150634765625e+01 1.912592172622680664e+00
1.636542968750000000e+02 7.136535644531250000e+01 1.458531951904296875e+01
1.604865417480468750e+02 5.892350387573242188e+01 2.720235252380371094e+01
1.594067840576171875e+02 4.531234359741210938e+01 4.077465820312500000e+01
1.617238311767578125e+02 3.273308181762695312e+01 5.318165206909179688e+01
1.640801391601562500e+02 1.914344787597656250e+01 6.796232604980468750e+01
1.612272949218750000e+02 6.946642398834228516e+00 8.089952850341796875e+01
1.736537017822265625e+02 7.435800170898437500e+01 1.380288004875183105e+00
1.737715606689453125e+02 6.137074279785156250e+01 1.431576919555664062e+01
1.741080780029296875e+02 4.759542083740234375e+01 2.738129997253417969e+01
1.718191528320312500e+02 3.478237915039062500e+01 4.098947525024414062e+01
1.702775421142578125e+02 2.135324287414550781e+01 5.349216079711914062e+01
1.726370697021484375e+02 7.045500755310058594e+00 6.715994262695312500e+01
1.928886413574218750e+02 6.341957092285156250e+01 2.267170101404190063e-01
1.843827514648437500e+02 4.957895278930664062e+01 1.443604564666748047e+01
1.863092803955078125e+02 3.704675674438476562e+01 2.827540779113769531e+01
1.860722503662109375e+02 2.191261100769042969e+01 4.130459594726562500e+01
1.806061248779296875e+02 1.098446750640869141e+01 5.318765640258789062e+01
1.957144775390625000e+02 4.753102111816406250e+01 4.487054347991943359e-01
1.927376403808593750e+02 3.501122283935546875e+01 1.387857437133789062e+01
1.959540405273437500e+02 2.260979270935058594e+01 2.686542129516601562e+01
1.955535736083984375e+02 1.007164573669433594e+01 4.073315048217773438e+01
2.082531127929687500e+02 3.673087310791015625e+01 1.421776533126831055e+00
2.043049468994140625e+02 2.267846298217773438e+01 1.435333442687988281e+01
2.091238861083984375e+02 9.797757148742675781e+00 2.751878547668457031e+01
2.191434783935546875e+02 2.483576965332031250e+01 2.971154928207397461e+00
2.177705078125000000e+02 1.046448612213134766e+01 1.530981922149658203e+01
2.254773712158203125e+02 1.051230239868164062e+01 7.554564476013183594e-01
5.012508392333984375e+01 1.493941497802734375e+02 1.020447692871093750e+02
1.095193405151367188e+02 1.455001640319824219e+01 1.047337417602539062e+02
1.039705734252929688e+02 5.035485839843750000e+01 4.987691879272460938e+01
